41780091
41779964
41779813
41779151
41779150
41779099
41779072
41779067
41779062
41779032
41778731
41778432
41778320
41778291
41778273
41778237
41778041
41777995
41777701
41777607
41777595
41777594
41777524
41777513
41777510
41777509
41777504
41777503
41777499
41777498
41777495
41777448
41777381
41777138
41777113
41776969
41776846
41776821
41776761
41776705
41776671
41776642
41776409
41776382
41776355
41776305
41776260
41776187
41776178
41776167
41776163
41776019
41775974
41775953
41775766
41775699
41775628
41775480
41775373
41775207
41775206
41775110
41775070
41775054
41774902
41774884
41774867
41774789
41774666
41774607
41774488
41774335
41774050
41773905
41773572
41773243
41773113
41773083
41773060
41772873
41772840
41772811
41772744
41772702
41772699
41772504
41772466
41772375
41772138
41772025
41772023
41772002
41771931
41771832
41771736
41771734
41771487
41771442
41771236
41771040
